1
3
2
2
21
1
8
5
45
4
7
4
6
13
3
57
26
6
2
2
8
2
15
14
3
15
21
5
15
3
1
1
3
3
1
8
5
6
2
6
1
4
35
3
1
2
1
2
14
35
3
2
6
4
3
12
18
4
4
4
1
1
1
12
8
1
1
3
2
1
12
1
2
10
3
7
4
34
14
6
3
5
1
6
12
4
1
3
2
8
8
4
10
6
4
2
3
4
22
7
4
2
1
1
2
2
11
2
7
4
2
3
10
2
7
6
3
3
7
2
2
6
3
12
3
6
50
1
24
2
6
36
1
6
8
3
2
1
1
4
2
3
22
4
55
2
6
2
4
2
10
12
2
12
1
2
3
22
12
8
2
2
13
2
1
1
10
18
6
1
3
3
1
2
10
3
30
2
1
20
4
5
2
6
3
4
3
19
2
4
4
4
2
10
2
3
6
4
1
8
9
1
5
7
2
8
139
1
1
167
3
20
1
3
1
6
1
9
5
16
13
3
10
1
4
14
1
6
38
2
2
3
3
4
4
1
47
2
2
1
3
3
7
14
2
1
6
2
1
18
1
4
2
1
2
1
4
3
5
3
4
2
1
3
14
12
2
102
1
3
4
5
2
1
6
6
3
3
4
6
3
3
6
7
16
6
6
9
9
2
80
9
2
9
6
1
24
14
9
8
2
6
4
4
4
3
1
10
1
2
12
2
1
2
7
1
4
85
20
3
182
3
10
10
11
2
22
2
9
3
2
12
3
5
1
6
1
91
1
4
6
16
4
2
3
4
17
5
2
5
3
16
1
4
4
21
6
14
4
1
3
4
9
10
2
2
2
5
6
8
3
20
2
3
8
11
3
1
8
85
8
1
15
3
4
11
6
8
3
11
4
10
1
2
9
5
3
7
22
6
7
4
10
13
1
4
4
3
6
7
1
10
65
4
5
2
28
2
4
2
40
2
62
2
2
8
2
10
11
1
46
3
2
10
53
3
1
6
86
12
3
10
21
4
2
1
1
2
7
2
5
3
6
6
1
9
3
8
6
2
2
8
12
1
4
3
28
2
2
1
2
1
2
1
11
6
3
2
2
1
1
13
3
6
18
1
2
1
15
4
4
7
1
19
3
3
8
1
2
7
3
6
4
5
15
2
2
2
3
4
1
4
3
1
4
6
5
2
2
14
2
12
1
3
6
3
1
4
16
1
33
6
2
4
5
2
2
27
3
7
1
60
18
3
3
3
2
8
6
35
5
2
9
4
4
30
10
3
2
1
18
1
1
3
2
1
2
1
3
19
3
1
2
1
3
4
1
1
13
11
3
2
2
10
5
6
4
5
3
3
3
10
1
3
2
2
6
2
5
4
10
2
4
4
10
12
16
12
6
2
3
18
9
3
2
3
1
2
2
24
4
2
9
21
1
6
4
24
7
2
2
1
5
2
4
4
12
13
1
3
11
3
3
21
2
2
1
3
16
8
4
15
12
5
2
2
4
4
6
2
7
18
2
15
6
20
10
10
11
2
1
121
6
9
2
1
6
3
10
3
11
7
4
2
4
1
2
7
3
3
2
12
10
3
3
54
10
1
7
6
16
3
8
22
1
11
7
17
3
1
2
10
15
1
20
15
6
2
1
1
6
2
2
2
3
6
48
2
6
3
5
9
3
3
4
3
13
26
4
4
3
12
3
10
12
20
2
4
1
1
4
13
6
1
2
2
1
2
2
2
1
2
2
12
3
10
3
6
2
6
2
11
1
1
2
6
6
3
6
3
6
2
6
2
4
2
2
4
12
2
4
15
4
2
1
6
6
2
4
3
12
4
6
2
2
3
9
5
15
23
5
13
8
2
4
4
17
5
3
2
4
2
2
15
4
3
3
6
1
1
26
2
1
9
2
2
2
11
6
3
3
3
6
1
1
85
8
11
2
5
3
16
1
14
1
36
11
4
4
10
5
12
3
33
4
13
6
42
2
4
3
8
11
6
2
15
3
55
2
4
2
46
10
4
3
1
15
1
2
4
27
1
4
19
2
6
2
1
1
2
2
4
6
9
22
2
12
1
2
3
9
3
3
2
3
1
1
11
2
2
5
4
6
2
4
12
6
2
3
11
1
2
18
3
12
2
2
20
13
7
2
2
75
1
6
1
5
12
4
15
3
15
2
10
87
1
4
1
8
16
16
2
160
4
2
6
30
1
2
4
2
4
3
4
25
5
6
31
1
4
2
5
24
3
3
3
1
4
6
1
1
2
6
22
6
11
6
18
3
1